,C1,C2,C3,C4,C5,C6,C7,C8,C9,C10,C11
Belgium,0.019771612724831876,0.24776571762415964,0.009828296952313196,0.008434527548127305,0.18731504491554649,0.3538294309556581,0.013996421184970284,0.133750664405813,0.020942893972378602,0.004325616906498598,3.9772809702828045e-05
Bulgaria,0.10804956590688669,0.09447629015060237,0.16656592350035518,0.08575891874700274,0.008830847830344853,0.008335351289849769,0.23224218187342602,0.259153881188881,0.0116339104283791,0.006483725723106569,0.01846940336116555
Czechia,0.14942892460525548,0.06422495410391517,0.13485668717163715,0.3518949581511706,0.005362997307188868,0.024193094661510144,0.004226187702068376,0.1864491009754504,0.01756974195723891,0.044459041307811704,0.017334312056753245
Denmark,0.12645474273959778,0.03514665414671096,0.23558611949287597,7.536455568257981e-06,0.0018735448595319248,0.45070733054719614,0.01259622962413716,0.09865002011571189,0.030239944766058808,0.008027475120883995,0.0007104021317269059
Germany,0.8787432543051507,0.016616953843810827,0.044562861046800226,0.007088282297303345,1.3056413321734353e-06,0.017775485585340693,0.016438822660151932,0.002577536511485776,0.015903654632093887,0.00025079111074488895,4.105236578549144e-05
Estonia,0.6057199859278662,0.15046008162196786,0.008204675875116335,0.05285929180223842,0.022097321322590794,0.12005548710794946,0.0019212454891376245,0.02144510195159341,0.011395257692775565,0.00208660153347102,0.003754949675293394
Ireland,0.5458847765861119,0.1998242537781764,0.1472512851676952,0.07313541499951076,0.00914540450592645,0.014565770584853902,0.0023013384473221715,0.0018569729083381412,0.003753249714541578,0.0009061047077515915,0.0013754285997718383
Greece,0.046250526000676105,0.12794784866704795,0.30103803248652444,5.530850686147925e-05,0.0026292435369760967,0.2636794633500862,0.1416209325997733,0.09997461128052067,0.0036100936578346322,0.013168433403427465,2.550651027185618e-05
Spain,0.3609849412844505,0.28860674622036775,0.07236378309777185,0.1447675129035792,0.03885365048836475,0.018433425118082183,0.002210424483957638,0.0017229377638076876,0.05912374616534658,0.006218940349290719,0.006713892124981109
France,0.6290174218926036,0.023501976258394373,0.002308933559087043,0.2751690621371338,0.003708643876026351,0.012608964040739466,0.01600605267035856,0.0026372774887698674,0.028418597485966805,0.004304223111229876,0.002318847479690319
Croatia,0.004535302769282347,0.2777244811301721,0.13421349407562427,0.22539731883658423,0.0014520629535142973,0.0016897339389141922,0.12954110581905176,0.21670660951655082,0.00209731731130973,0.004506358249275968,0.0021362153997203166
Italy,0.460549175081176,0.10339247576586073,0.015494175476839508,0.29341078133359894,0.014990745410071374,0.007982336522235694,0.025146638213713043,0.04201301367333767,0.0254677376348593,0.011448605134836998,0.00010431575347068227
Cyprus,0.3510770368425423,0.0031325513583394687,0.027971690568687965,0.0014997513776516948,0.005702098466948726,0.08324714343052533,0.0021212985329828733,0.5249055918640028,6.371354059136801e-05,0.00020678744795249115,7.233656977479677e-05
Latvia,0.5889026417307965,0.09521101157305864,0.06571639069713656,0.011644503401619686,0.14040972737300203,0.009647150322899522,0.07066215298668085,0.0016500407096928047,0.008509841152337546,0.004990514257914474,0.0026560257948614885
Lithuania,0.3845290723106101,0.06181446677302228,0.10385156238973672,0.09979373159005267,0.21643471539887538,0.013240935187765738,0.030674497244571133,0.07878646622982977,0.005891259700323144,0.002352117450195543,0.0026311757250175767
Luxembourg,0.40013417491393727,6.04003880555197e-07,0.027016980220635225,0.1914214741666588,0.3402337199955581,0.0032147927759499442,0.018425601641525662,0.010237569216866643,0.003509019685569911,0.00337949862630541,0.0024265647531123325
Hungary,0.17188993097479208,0.015130057438223947,0.14999744342685575,0.10451000545267992,0.028592182087343515,0.030684986518266115,0.131352912179692,0.36408885566279015,0.0034270561165294306,8.909502958466287e-05,0.0002374751132425845
Malta,0.22060789772167333,0.1500484353064704,0.18319293124325947,0.2951382733107936,0.0012336800465491066,0.081219256950012,0.019570649769485356,0.04221678258192084,0.0022615425130579946,0.004337823505206727,0.00017272705157119075
Netherlands,0.12066590181651551,0.08726502274757607,0.008099298037641424,0.01624087595793324,0.165710715153398,0.08686297735405116,0.036100896799047544,0.4513741385995558,0.00011067887152613417,0.011368724668389917,0.01620076999436527
Austria,1.860525227777139e-05,0.015024247876906503,0.6770001074107745,0.06381327258573277,0.009275187888390983,0.008318291342337815,0.2261373720285471,0.0003994410838172494,4.726707757948062e-06,4.774306033210056e-06,3.973517424000118e-06
Poland,0.28109059967453054,0.011102861443408465,0.002266783777678672,0.024467913156242877,0.008644543358755762,0.5921768757174835,0.0067727605489132404,0.029233518827866605,0.012578220698101866,0.022741208298194086,0.00892471449882471
Portugal,0.00015641189596288954,0.3170402944445428,0.03160397478685104,0.10401215169471965,0.04942206379719284,0.4199618034277057,0.0012827589428530053,0.07248855336825145,0.0034156781188461175,0.0006044110887480379,1.1898434326395963e-05
Romania,0.004599309717629944,0.16174648830512825,0.3331964723667254,0.012554367531485726,0.37811067611042676,0.03221722131012248,0.03086802805005577,0.0016529662938123114,0.033437941225022604,0.0011920777493780235,0.010424451340212693
Slovenia,0.3599065964921335,0.12636787286063547,0.00022442362160372437,0.23107710266944761,0.017634697588028818,0.05171137040473731,0.08923369110269612,0.10620740208534792,0.00017341042789227235,0.01734834981237978,0.00011508293509741447
Slovakia,0.5697217481833289,0.02721874682269289,0.0001292368700687153,0.0324669631442869,0.24186928690726364,0.046663385918172526,0.03179245950637379,0.04904629025228703,0.0005535778116494082,9.278399022764884e-05,0.00044552059364854355
Finland,0.42081967913470103,0.0069582078929273814,0.03504936270356634,0.24307211752642666,0.042569632763271636,0.0428000381991752,0.01421295399866774,0.18560876148591338,0.003648308239399244,4.710107868871205e-06,0.005256227948082445
Sweden,0.0716675002765674,0.04594645548262063,0.12518151797321503,4.918275526873695e-06,0.6188721935008942,0.04864664566358168,0.08275549775314046,0.0015849711695950384,0.0009555532660670004,0.004195255631140039,0.0001894910076515
Iceland,0.09667177466400821,0.2469421732388521,0.17395311888615225,0.06697921768968663,0.3792635233039362,0.024728607935054398,0.004538038704701827,0.0026974345202988546,0.003352277514594646,1.0772075674180144e-06,0.0008727563351474791
Norway,0.31685157988665774,0.0175808359890675,0.05431585183089672,0.055442871827058884,0.2817356138787597,0.06076343315974403,0.04523308337947236,0.02135014482362356,0.06217663122020011,0.07289406000630655,0.01165589399821277
Serbia,0.4737772904093191,0.0319239211038595,0.09777214952134451,0.1968249751068089,0.12799609985980964,0.029314256750985215,0.008654470395206972,0.024994311705532336,0.0057869634289704494,0.0018862055565437405,0.0010693561616196493
Türkiye,0.3453012218946971,0.4936481873255503,0.053316114834500605,0.05108124213296733,9.110523808876507e-05,0.02085160545562084,0.03358611551199825,0.001712210286874212,0.0003875040163317685,2.32951595329876e-05,1.3981438377840453e-06
